((("selectElmt" .
   [2 0 0 0 0 0 0 0 0 0])
  ("selectId" .
   [0 0 0 0 0 1 0 1])
  ("39" .
   [1 0])
  ("delay" .
   [0 0 1 0 0])
  ("define" .
   [0 0 0 0 0 1])
  ("mathrm" .
   [2 0 0 0 0 0])
  ("on" .
   [1 0])
  ("Réalité" .
   [0 0 0 1 0 0 0])
  ("111" .
   [1 0 0])
  ("seuil" .
   [2 0 0 0 0])
  ("d'erreur" .
   [2 0 0 0 0 0 0 0])
  ("probabilité" .
   [0 0 0 0 0 0 0 0 0 0 1])
  ("erreurs" .
   [1 0 0 0 0 0 0])
  ("jpeg" .
   [2 0 0 0])
  ("l" .
   [2])
  ("L" .
   [2])
  ("lager" .
   [1 0 0 0 0])
  ("sinon" .
   [1 0 0 0 0])
  ("ln" .
   [1 0])
  ("et" .
   [6 0])
  ("pi" .
   [4 0])
  ("si" .
   [3 0])
  ("décision" .
   [5 0 0 0 1 0 0 0])
  ("problème" .
   [0 0 0 0 0 1 1 1])
  ("ce" .
   [4 0])
  ("pour" .
   [3 0 0 0])
  ("rejet" .
   [10 0 0 0 0])
  ("Bayes" .
   [2 0 0 0 0])
  ("règle" .
   [3 0 0 0 0])
  ("de" .
   [20 0])
  ("en" .
   [6 0])
  ("e" .
   [1])
  ("=" .
   [2])
  ("avec" .
   [6 0 0 0])
  ("equation" .
   [1 0 0 3 0 0 0 0])
  ("align" .
   [1 0 0 0 0])
  ("end" .
   [3 0 0])
  ("qquad" .
   [0 0 0 1 0])
  ("1-c" .
   [2 0 0])
  ("x" .
   [6])
  ("2" .
   [16])
  ("1" .
   [21])
  ("leftrightarrow" .
   [0 0 0 0 0 0 0 0 0 0 0 0 0 1])
  ("0" .
   [8])
  ("large" .
   [1 0 0 0 0])
  ("small" .
   [1 0 0 0 0])
  ("bigger" .
   [1 0 0 0 0 0])
  ("height" .
   [1 0 0 0 0 0])
  ("HTTPS_PROXY" .
   [0 0 0 0 0 0 1 0 0 0 0])
  ("https_proxy" .
   [0 0 0 0 0 1 0 0 0 0 0])
  ("set" .
   [1 0 0])
  ("mark" .
   [1 0 0 0])
  ("space" .
   [1 0 0 0 0])
  ("usepackage" .
   [0 0 0 0 0 1 0 0 0 0])
  ("usebox" .
   [0 0 0 1 0 0])
  ("substr" .
   [2 0 0 0 0 0])
  ("changer_date" .
   [0 0 0 0 0 0 1 0 0 0 0 0])
  ("mois" .
   [6 0 0 0])
  ("jour" .
   [1 0 0 0])
  ("annee" .
   [6 0 0 0 0])
  ("split" .
   [1 0 0 0 0])
  ("date" .
   [2 0 0 0])
  ("gt" .
   [1 0])
  ("utf8" .
   [2 0 0 0])
  ("continue" .
   [1 0 0 0 0 0 0 0])
  ("fichier" .
   [1 0 0 0 0 0 0])
  ("url" .
   [3 0 0])
  ("rub" .
   [3 0 0])
  ("elsif" .
   [7 0 0 0 0])
  ("Par" .
   [1 0 0])
  ("tabindex" .
   [3 0 0 0 0 1 0 0])
  ("table" .
   [1 0 0 0 0])
  ("g" .
   [1])
  ("shift" .
   [2 0 0 0 0])
  ("a" .
   [2])
  ("latin1" .
   [3 0 0 0 0 0])
  ("stringify_as" .
   [0 0 0 0 0 0 1 0 0 0 0 0])
  ("Unicode::String" .
   [0 0 0 2 0 1 0 0 0 0 0 0 0 0 0])
  ("print_file" .
   [9 0 0 0 0 0 4 2 2 30])
  ("rappel_fin" .
   [0 0 0 0 1 0 0 0 0 0])
  ("rappel_debut" .
   [0 0 0 0 0 0 0 0 1 0 0 0])
  ("gtitre_fin" .
   [0 0 0 1 0 0 0 0 0 0])
  ("gtitre_debut" .
   [0 0 0 0 0 0 0 0 1 0 0 0])
  ("focus_fin" .
   [0 0 0 0 1 0 0 0 0])
  ("focus_debut" .
   [0 0 0 0 1 0 0 0 0 0 0])
  ("une_fin" .
   [2 0 0 0 0 0 0])
  ("une_debut" .
   [0 0 0 1 0 1 0 0 0])
  ("IBL_ID" .
   [0 0 0 0 1 0])
  ("FILE_OUT" .
   [3 0 0 0 0 0 3 1])
  ("found" .
   [1 0 0 0 0])
  ("die" .
   [1 0 0])
  ("FILE_IN" .
   [0 0 0 1 1 0 3])
  ("open" .
   [4 0 0 1])
  ("dest" .
   [1 0 0 0])
  ("files" .
   [2 0 0 0 0])
  ("source" .
   [2 0 0 0 0 0])
  ("add1" .
   [2 0 0 0])
  ("str3" .
   [1 0 0 0])
  ("print" .
   [27 0 0 0 1])
  ("str2" .
   [3 0 0 0])
  ("str1" .
   [2 0 0 0])
  ("127" .
   [1 0 0])
  ("fun2" .
   [1 0 0 0])
  ("fun1" .
   [1 0 0 0])
  ("word" .
   [3 0 0 0])
  ("0x80000001" .
   [0 0 1 0 0 0 0 0 0 0])
  ("short" .
   [3 0 0 1 0])
  ("use" .
   [3 0 0])
  ("SimpleChatClientA" .
   [0 0 0 0 1 0 0 0 0 0 0 0 0 0 0 0 0])
  ("args" .
   [1 0 0 0])
  ("SendButtonListener" .
   [0 0 0 0 0 0 1 0 0 0 0 0 0 0 0 0 0 0])
  ("IOException" .
   [0 0 0 1 0 0 0 0 0 0 0])
  ("ex" .
   [5 0])
  ("PrintWriter" .
   [0 0 0 0 1 0 0 0 0 0 0])
  ("writer" .
   [1 0 0 0 0 2])
  ("sock" .
   [2 0 0 0])
  ("setUpNetworking" .
   [0 0 0 0 0 0 1 0 0 0 0 0 0 0 0])
  ("setUpMidi" .
   [0 0 0 0 1 0 0 0 0])
  ("setVisible" .
   [0 0 0 0 0 1 0 0 0 0])
  ("CENTER" .
   [0 0 0 0 1 0])
  ("sendButton" .
   [0 0 0 0 1 1 0 0 0 0])
  ("JTextField" .
   [0 0 0 1 0 0 0 0 0 0])
  ("outgoing" .
   [0 0 0 0 2 1 0 2])
  ("mainPanel" .
   [1 0 0 0 1 2 0 0 0])
  ("JPanel" .
   [0 0 1 1 0 0])
  ("go" .
   [2 0])
  ("Socket" .
   [1 0 0 0 1 0])
  ("awt" .
   [2 0 0])
  ("swing" .
   [1 0 0 0 0])
  ("net" .
   [1 0 0])
  ("io" .
   [1 0])
  ("instrumentNames" .
   [0 0 0 0 0 0 0 0 0 0 0 1 0 0 0])
  ("instruments" .
   [1 0 0 0 0 0 0 0 0 0 0])
  ("Font" .
   [2 0 0 0])
  ("instrument" .
   [0 0 0 0 0 1 0 0 0 0])
  ("Label" .
   [2 0 0 0 0])
  ("blue" .
   [0 0 1 0])
  ("green" .
   [1 0 0 0 0])
  ("red" .
   [1 0 0])
  ("label" .
   [4 0 0 0 0])
  ("BorderLayout" .
   [0 0 0 1 0 0 0 0 0 0 0 1])
  ("getContentPane" .
   [0 0 0 1 1 0 0 0 0 0 0 0 0 0])
  ("JLable" .
   [1 0 0 0 0 0])
  ("lableButton" .
   [0 0 0 0 0 1 0 0 0 0 0])
  ("addActionListener" .
   [0 0 0 2 1 1 0 0 0 0 0 0 0 0 0 0 0])
  ("colorButton" .
   [0 0 0 0 0 0 1 0 0 0 0])
  ("Color" .
   [0 0 0 1 0])
  ("repaint" .
   [0 0 1 0 0 0 0])
  ("setText" .
   [0 0 0 0 1 1 0])
  ("ActionEvent" .
   [0 0 0 0 0 0 1 1 0 0 4])
  ("actionPerformed" .
   [0 0 0 0 1 0 2 2 0 0 0 0 0 0 0])
  ("ActionListener" .
   [0 0 0 1 1 0 0 0 0 2 0 0 0 2])
  ("implements" .
   [0 0 0 1 4 2 0 0 0 2])
  ("lable" .
   [3 0 0 0 1])
  ("TwoButtons" .
   [0 0 0 1 0 0 1 0 0 0])
  ("iswap" .
   [1 0 0 0 0])
  ("fprintf" .
   [0 0 0 1 0 0 0])
  ("give_score" .
   [0 0 0 0 1 0 0 0 0 0])
  ("score" .
   [3 0 0 0 0])
  ("5000" .
   [4 0 0 0])
  ("malloc" .
   [1 0 0 0 0 0])
  ("strcpy" .
   [1 0 0 0 0 0])
  ("MAX_LEN" .
   [1 0 2 1 0 0 0])
  ("list" .
   [8 0 0 0])
  ("MAX" .
   [6 0 0])
  ("const" .
   [9 0 0 0 0])
  ("swap" .
   [3 0 0 0])
  ("pivot" .
   [2 0 0 0 0])
  ("partition" .
   [0 0 0 0 0 1 0 0 0])
  ("qsort" .
   [3 0 0 0 0])
  ("userGuess" .
   [0 0 0 0 1 0 0 0 0])
  ("newLocation" .
   [0 0 0 0 1 0 0 0 0 0 0])
  ("dotComToSet" .
   [1 0 0 0 0 0 0 0 0 0 0])
  ("helper" .
   [2 0 0 0 0 0])
  ("println" .
   [1 0 0 0 2 1 0])
  ("out" .
   [3 0 0])
  ("System" .
   [1 0 0 1 1 0])
  ("add" .
   [8 0 0])
  ("dotComList" .
   [0 0 0 0 3 1 0 0 0 1])
  ("setName" .
   [0 0 2 1 0 0 1])
  ("DotCom" .
   [1 0 3 1 0 5])
  ("ArrayList" .
   [0 0 0 0 0 2 0 0 0])
  ("GameHelper" .
   [0 0 0 0 1 0 0 0 0 0])
  ("new" .
   [38 0 0])
  ("private" .
   [0 0 0 0 5 0 2])
  ("import" .
   [10 0 0 0 1 5])
  ("class" .
   [19 0 1 1 2])
  ("public" .
   [5 0 2 15 1 1])
  ("count" .
   [3 0 0 0 0])
  ("2000" .
   [1 0 0 0])
  ("normal" .
   [2 0 0 4 0 0])
  ("day" .
   [12 0 0])
  ("1900" .
   [1 0 0 0])
  ("isleap" .
   [1 0 0 0 1 0])
  ("400" .
   [2 0 0])
  ("year" .
   [13 0 0 0])
  ("leap" .
   [4 0 1 0])
  ("max" .
   [2 0 0])
  ("tens" .
   [2 0 0 0])
  ("digits" .
   [2 0 0 1 1 0])
  ("and" .
   [6 0 0])
  ("thousand" .
   [0 0 0 3 0 0 0 0])
  ("hundred" .
   [1 0 0 2 0 0 0])
  ("num_max" .
   [1 0 0 0 0 0 0])
  ("res" .
   [29 0 0])
  ("result" .
   [25 0 0 3 1 4])
  ("100" .
   [10 0 0])
  ("fopen" .
   [1 0 1 1 0])
  ("cal_matrix" .
   [0 0 0 2 0 0 0 0 0 0])
  ("startY" .
   [12 0 0 0 0 1])
  ("startX" .
   [12 0 0 0 0 1])
  ("startNum" .
   [0 0 0 0 0 2 0 1])
  ("product" .
   [8 0 0 1 5 0 0])
  ("waste" .
   [5 0 0 0 0])
  ("sizeof" .
   [4 0 0 1 3 0])
  ("matrix" .
   [11 0 0 2 3 0])
  ("EOF" .
   [1 0 0])
  ("tmp_2" .
   [3 0 0 0 0])
  ("tmp_1" .
   [3 0 0 0 0])
  ("tmp" .
   [43 0 0])
  ("char" .
   [19 0 0 0])
  ("temp" .
   [17 0 0 0])
  ("fscanf" .
   [3 0 1 1 0 0])
  ("NULL" .
   [2 0 0 0])
  ("20" .
   [12 0])
  ("break" .
   [6 0 0 0 0])
  ("1000" .
   [6 0 0 0])
  ("500" .
   [1 0 0])
  ("return" .
   [14 0 0 3 3 2])
  ("include" .
   [4 0 0 1 1 0 1])
  ("inc" .
   [3 0 2])
  ("one" .
   [14 0 0])
  ("ten" .
   [8 0 0])
  ("limit" .
   [9 0 0 0 1])
  ("self" .
   [2 0 0 0])
  ("if" .
   [90 0])
  ("defun" .
   [0 0 0 0 2])
  ("abc" .
   [1 0 0])
  ("load-file" .
   [0 0 0 0 0 0 0 0 1])
  ("add-to-list" .
   [0 0 0 0 0 0 0 0 0 0 1])
  ("def" .
   [4 0 1])
  ("int" .
   [201 0 0])
  ("printf" .
   [36 0 1 1 3 1])
  ("main" .
   [12 0 0 1])
  ("for" .
   [61 0 0])
  ("sum" .
   [42 0 0])
  ("position" .
   [13 0 0 4 1 0 1 6])
  ("void" .
   [35 0 0 2])
  ("pNow" .
   [4 0 1 0])
  ("num" .
   [37 0 1])
  ("else" .
   [15 0 0 0])
  ("pPlusone" .
   [0 0 0 0 0 0 0 1])
  ("cal" .
   [3 0 0])
  ("pPlusOne" .
   [0 0 0 0 0 0 1 0])
  ("do" .
   [3 0])
  ("while" .
   [36 0 0 0 0])
  ("prime" .
   [2 0 0 0 0])
  ("long" .
   [18 0 0 0])
  ("sqrt" .
   [1 0 0 0])
  ("math" .
   [1 0 0 0])
  ("10" .
   [4 0])
  ("stdlib" .
   [1 0 1 0 0 0])
  ("unsigned" .
   [0 0 0 3 8 0 0 0])
  ("data" .
   [12 0 0 0])
  ("rubbish" .
   [0 0 1 1 0 0 0])
  ("inclusive" .
   [0 0 0 1 0 0 0 0 0])
  ("enum" .
   [3 0 0 0])
  ("two" .
   [3 0 0])
  ("three" .
   [4 0 0 0 0])
  ("four" .
   [2 0 0 0])
  ("five" .
   [1 0 0 0])
  ("fifteen" .
   [1 0 0 0 0 0 0])
  ("forty" .
   [1 0 0 0 0])
  ("case" .
   [8 0 0 0])
  ("switch" .
   [0 0 0 0 2 0])
  ("numbers" .
   [3 0 0 0 1 0 0])
  ("parser" .
   [2 0 1 0 0 0])
  ("level" .
   [3 0 0 0 0])
  ("number" .
   [1 0 0 0 0 0])
  ("iter" .
   [18 0 0 0])
  ("process" .
   [0 0 0 0 1 1 0])
  ("locationCells" .
   [0 0 0 0 2 0 0 0 1 0 0 0 0])
  ("locs" .
   [1 0 0 0])
  ("String" .
   [0 0 1 4 1 3])
  ("stringGuess" .
   [0 0 0 0 0 0 0 1 0 0 0])
  ("guess" .
   [1 0 0 0 0])
  ("cell" .
   [1 0 0 0])
  ("numOfHits" .
   [0 0 1 1 0 0 0 0 0])
  ("len" .
   [2 0 0])
  ("array" .
   [22 0 0 2 0])
  ("isInArray" .
   [0 0 0 1 0 0 0 0 0])
  ("1901" .
   [2 0 0 0])
  ("365" .
   [1 0 0])
  ("366" .
   [1 0 0])
  ("name" .
   [1 0 0 0])
  ("search" .
   [1 0 0 0 0 0])
  ("200" .
   [1 0 0])
  ("compare" .
   [2 0 0 0 1 0 0])
  ("string" .
   [3 0 0 0 0 0])
  ("str" .
   [11 0 0])
  ("strcmp" .
   [1 0 0 0 0 0])
  ("size_t" .
   [1 0 0 0 0 0])
  ("print_string" .
   [0 0 0 0 0 1 0 1 0 0 0 0])
  ("MAX_LINE" .
   [0 0 1 6 0 0 0 1])
  ("base" .
   [1 0 0 0])
  ("static" .
   [4 0 0 1 1 0])
  ("JFrame" .
   [0 0 2 1 2 0])
  ("JButton" .
   [0 0 2 5 2 0 0])
  ("frame" .
   [5 0 2 1 1])
  ("button" .
   [1 0 1 0 1 0])
  ("300" .
   [1 0 0])
  ("setSize" .
   [0 0 0 1 0 0 0])
  ("javax" .
   [3 0 0 0 0])
  ("extends" .
   [0 0 0 0 0 0 1])
  ("ControllerEventListener" .
   [0 0 0 0 0 0 1 0 0 0 0 0 0 0 0 0 0 0 0 0 0 0 0])
  ("boolean" .
   [0 0 0 4 1 1 0])
  ("controlChange" .
   [0 0 0 0 0 0 0 1 0 0 0 0 0])
  ("ShortMessage" .
   [0 0 0 0 1 0 0 0 0 0 0 0])
  ("event" .
   [2 0 0 0 0])
  ("msg" .
   [2 0 0])
  ("Graphics" .
   [0 0 0 0 1 0 0 1])
  ("Graphics2D" .
   [1 0 0 0 0 0 0 0 0 0])
  ("Math" .
   [1 0 0 0])
  ("random" .
   [1 0 0 0 0 0])
  ("MyPanel" .
   [0 0 0 1 0 0 0])
  ("setUpGui" .
   [0 0 0 0 1 0 0 0])
  ("save" .
   [2 0 0 0])
  ("buttonBox" .
   [0 0 0 0 1 0 0 1 0])
  ("MySaveListener" .
   [0 0 0 0 0 0 0 0 0 0 0 0 0 1])
  ("BeatBox" .
   [1 0 0 1 0 0 0])
  ("programme" .
   [2 0 0 0 0 0 0 0 0])
  ("try" .
   [5 0 0])
  ("FileOutputStream" .
   [0 0 0 1 0 0 0 0 0 0 0 0 0 0 0 0])
  ("ObjectOutputStream" .
   [0 0 0 1 0 0 0 0 0 0 0 0 0 0 0 0 0 0])
  ("close" .
   [3 0 0 0 0])
  ("catch" .
   [4 0 1 1 0])
  ("Exception" .
   [0 0 0 3 0 0 0 0 0])
  ("printStackTrace" .
   [0 0 0 1 1 1 1 0 0 0 0 0 0 0 0])
  ("java" .
   [6 0 0 0])
  ("null" .
   [2 0 0 0])
  ("buildGUI" .
   [0 0 0 0 1 0 0 0])
  ("this" .
   [1 0 0 0])
  ("256" .
   [4 0 0])
  ("checkboxstate" .
   [0 0 0 0 0 0 0 0 0 4 1 0 1])
  ("checkboxList" .
   [0 0 1 0 0 0 0 1 0 0 0 3])
  ("get" .
   [5 0 0])
  ("isSelected" .
   [0 0 1 0 0 0 0 0 0 0])
  ("load" .
   [1 0 0 1])
  ("MyLoadListener" .
   [0 0 0 0 0 0 0 0 0 0 0 0 0 1])
  ("FileInputStream" .
   [0 0 0 0 0 1 0 0 0 0 0 0 0 0 0])
  ("ObjectInputStream" .
   [0 0 0 1 0 0 0 0 0 0 0 0 0 0 0 0 0])
  ("setSelected" .
   [0 0 0 0 1 1 0 0 0 0 0])
  ("true" .
   [2 0 0 0])
  ("false" .
   [1 0 0 0 0])
  ("JCheckBox" .
   [0 0 0 0 1 0 0 0 0])
  ("RunThreads" .
   [0 0 0 2 1 0 0 0 0 0])
  ("Thread" .
   [1 0 0 1 1 2])
  ("runner" .
   [2 0 0 0 0 0])
  ("alpha" .
   [0 0 1 0 1])
  ("beta" .
   [2 0 0 0])
  ("start" .
   [0 0 0 0 1])
  ("threadName" .
   [1 0 0 0 0 0 0 0 0 0])
  ("foreach" .
   [3 0 0 0 0 0 1])
  ("usr" .
   [2 0 0])
  ("bin" .
   [2 0 0])
  ("perl" .
   [3 0 0 0])
  ("my" .
   [24 0])
  ("balise" .
   [7 0 0 0 0 0])
  ("var" .
   [2 0 0])
  ("voir_debut" .
   [0 0 0 0 0 0 0 2 1 0])
  ("voir_fin" .
   [0 0 0 0 0 0 1 0])
  ("sub" .
   [2 0 0])
  ("FOCUS" .
   [1 0 0 0 0])
  ("href" .
   [4 0 0 0])
  ("html" .
   [1 0 0 0])
  ("img" .
   [1 0 0])
  ("src" .
   [1 0 0])
  ("S48" .
   [2 0 0])
  ("mailto:" .
   [2 0 0 0 0 0 0])
  ("S14" .
   [2 0 0])
  ("span" .
   [5 0 0 0])
  ("S301" .
   [1 0 0 0])
  ("join" .
   [1 0 0 0])
  ("reverse" .
   [1 0 0 0 0 0 0])
  ("tmp_resume" .
   [1 0 1 1 0 0 0 0 0 0])
  ("/usr/bin/" .
   [0 0 0 0 0 1 0 0 0])
  ("mots" .
   [1 0 0 0])
  ("lettres" .
   [0 0 0 0 0 0 2])
  ("message" .
   [1 0 0 0 0 0 3])
  ("princ" .
   [1 0 0 0 0])
  ("eval-after-load" .
   [0 0 0 0 0 0 1 0 0 0 0 0 0 0 1])
  ("eval-when" .
   [0 0 0 0 1 0 0 0 0])
  ("begin" .
   [3 0 1 0 0])
  ("matières" .
   [0 0 0 1 0 0 0 0])
  ("densite" .
   [0 0 0 0 1 0 0])
  ("delta_Q" .
   [1 0 0 3 0 0 0])
  ("param" .
   [3 0 0 0 0])
  ("in" .
   [1 0])
  ("HTTP_PROXY" .
   [1 0 0 0 0 0 0 0 0 0])
  ("nous" .
   [5 0 0 0])
  ("des" .
   [10 0 0])
  ("deux" .
   [4 0 0 0])
  ("variable" .
   [1 0 0 0 0 0 0 0])
  ("données" .
   [4 0 0 0 0 0 0])
  ("les" .
   [15 0 0])
  ("comme" .
   [1 0 0 0 0])
  ("Nous" .
   [6 0 0 0])
  ("subsection" .
   [0 0 0 0 0 0 1 1 0 0])
  ("simul100" .
   [0 0 0 0 0 1 0 0])
  ("Simulation" .
   [1 0 0 0 0 0 0 0 1 0])
  ("0=0" .
   [1 0 0])
  ("classes" .
   [1 0 0 0 0 0 0])
  ("que" .
   [7 0 0])
  ("Dans" .
   [1 0 0 0])
  ("graphics" .
   [1 0 0 0 0 0 0 0])
  ("la" .
   [6 0])
  ("est" .
   [6 0 0])
  ("sont" .
   [6 0 0 0])
  ("distribution" .
   [1 0 0 0 0 0 1 0 0 0 0 0])
  ("par" .
   [5 0 0])
  ("avons" .
   [1 0 0 0 0])
  ("couleurs" .
   [1 0 0 0 0 0 0 0])
  ("différents" .
   [2 0 0 0 0 0 0 0 0 0])
  ("frontières" .
   [1 0 0 0 1 0 1 0 0 0])
  ("selon" .
   [1 0 0 0 0])
  ("sur" .
   [1 0 0])
  ("coûts" .
   [2 0 0 0 0])
  ("lq" .
   [1 0])
  ("12" .
   [1 0])
  ("22" .
   [1 0])
  ("21" .
   [2 0])
  ("11" .
   [3 0])
  ("différent" .
   [0 0 0 0 0 0 0 0 1])
  ("actions" .
   [1 0 0 0 0 0 0])
  ("aussi" .
   [1 0 0 0 0])
  ("Les" .
   [1 0 0])
  ("frontière" .
   [1 0 0 0 0 0 0 0 0])
  ("correspond" .
   [0 0 0 0 0 1 0 0 0 0])
  ("notion" .
   [1 0 0 0 0 0])
  ("formule" .
   [1 0 0 0 0 0 0])
  ("rejeter" .
   [1 0 0 0 0 0 0])
  ("points" .
   [2 0 0 0 0 0])
  ("dans" .
   [1 0 0 0])
  ("un" .
   [1 0])
  ("classique" .
   [1 0 0 0 0 0 0 0 0])
  ("cette" .
   [1 0 0 0 0])
  ("plus" .
   [3 0 0 0])
  ("coût" .
   [3 0 0 1])
  ("petit" .
   [1 0 1 0 0])
  ("une" .
   [1 0 0])
  ("donc" .
   [1 0 0 0])
  ("l'intervale" .
   [0 0 0 0 0 0 0 0 0 1 0])
  ("devient" .
   [1 0 0 0 0 0 0])
  ("décrite" .
   [0 0 0 1 0 0 0])
  ("01" .
   [2 0])
  ("04" .
   [2 0])
  ("hline" .
   [1 0 0 0 0])
  ("Action" .
   [2 0 0 0 0 0])))
